11
129
12
138
144
145
146
147
149
14
155
159
15
160
161
162
163
164
16
174
179
17
18
193
194
199
19
1
201
202
204
205
206
207
209
210
211
212
214
215
217
218
21
220
221
230
241
270
27
294
295
296
297
298
299
29
30
316
318
320
323
328
34
36
38
39
412
414
440
441
442
443
444
446
448
459
460
475
480
512
513
514
515
517
522
523
52
53
544
546
547
549
54
550
57
583
586
587
5
601
603
604
605
606
608
610
611
614
618
632
673
683
686
6
721
76
7
81
822
823
824
828
83
853
864
867
894
895
8
934
937
938
939
940
941
942
943
944
945
946
964
965
968
969
971
973
975
976
981